!lon lat
180.0 -17.5541
180.0 -37.4573
179.004 -39.2076
178.95 -39.68
178.79 -40.09
178.56 -40.42
178.29 -40.8
178.02 -41.19
177.6 -41.5
177.12 -41.66
176.68 -41.75
176.08 -41.91
175.5 -42.06
174.98 -42.12
174.31 -42.2
173.72 -42.29
173.13 -42.39
172.6 -42.48
171.86 -42.61
171.27 -42.73
170.6156 -42.7397
170.6156 -42.7397
170.488 -43.0749
170.11 -43.36
169.64 -43.6
169.13 -43.84
168.77 -44.02
168.49 -44.16
167.37 -44.65
167.1 -44.82
166.77 -45.06
166.44 -45.31
166.05 -45.59
165.78 -45.81
165.43 -46.15
164.67 -47.29
164.69 -47.56
164.6908 -47.5747
164.6908 -47.5747
164.663 -47.6201
164.583 -47.8471
164.483 -48.0669
164.393 -48.2616
164.266 -48.4978
164.131 -48.781
164.004 -48.973
163.832 -49.1821
163.651 -49.3131
163.542 -49.4023
163.46 -49.4913
163.343 -49.5919
163.216 -49.7336
163.062 -49.9043
162.917 -50.0977
162.754 -50.3137
162.51 -50.6964
162.356 -50.9671
162.148 -51.3217
161.94 -51.6397
161.723 -51.7979
161.369 -52.0959
161.142 -52.3083
160.879 -52.5419
160.499 -52.8294
160.209 -53.1422
159.783 -53.6532
159.684 -53.8794
159.603 -54.2111
159.559 -54.5242
159.47 -54.8088
159.371 -55.0705
159.308 -55.2526
159.208 -55.4288
158.973 -55.6712
158.755 -55.7381
158.528 -55.8407
158.483 -55.8611
158.31 -55.9532
158.192 -55.9788
158.037 -55.9942
157.919 -56.0146
157.883 -56.0706
157.883 -56.1366
157.865 -56.2481
157.866 -56.4299
157.804 -56.6408
157.732 -56.8904
157.578 -57.1038
157.46 -57.2126
157.442 -57.2619
157.489 -57.4534
157.481 -57.7121
157.564 -58.0461
157.693 -58.3722
158.069 -58.8131
158.48 -59.1646
159.109 -59.517
159.729 -59.7375
160.004 -60.0796
160.183 -60.2584
160.848 -61.5207
160.8019 -61.805
160.8019 -61.805
156.069 -62.7801
154.235 -60.9996
151.529 -61.4224
150.769 -60.1373
149.138 -57.3582
148.094 -57.5268
146.818 -54.5186
144.075 -54.8145
143.672 -53.6837
141.467 -53.832
140.945 -52.3695
139.941 -52.4302
139.642 -50.3812
137.292 -50.359
133.669 -50.3911
130.005 -50.3622
127.304 -50.2211
127.377 -48.9437
126.262 -48.8687
126.224 -49.3488
125.685 -49.3489
123.992 -48.8929
123.799 -49.498
121.604 -49.4417
121.685 -49.0387
120.917 -48.8837
120.756 -49.5385
120.564 -49.5125
118.142 -49.398
116.685 -49.0594
116.48 -49.7359
114.523 -49.4925
114.24 -50.0383
106.674 -48.7293
106.512 -48.9544
106.521 -48.94
103.703 -48.2531
99.9813 -47.2804
99.4773 -47.8983
95.8355 -46.6209
96.8707 -45.0906
92.7724 -43.4739
88.3584 -41.6742
87.8429 -42.2757
85.205 -40.9771
83.733 -42.6229
81.0064 -41.0824
80.2215 -41.7433
77.0027 -39.7185
79.1361 -37.6112
78.4533 -36.9914
80.9094 -35.2195
82.6472 -33.3393
83.4334 -32.2162
85.455 -30.0261
86.4096 -28.7346
87.9819 -26.2076
90.902 -22.8945
92.5304 -21.0976
95.0574 -17.616
96.6297 -15.5944
97.9774 -13.2359
99.0444 -11.7198
100.256 -10.7842
103.229 -8.937
104.9329 -7.6223
104.9329 -7.6223
106.9202 -8.5254
106.9202 -8.5254
107.0189 -8.5213
109.6309 -8.8817
111.8193 -8.95
114.0364 -9.3142
115.4169 -9.5636
115.4169 -9.5636
118.7704 -9.3166
122.3613 -9.2813
125.4157 -8.5264
128.9146 -7.8066
130.4769 -7.3562
131.5354 -6.4569
132.304 -5.5976
132.4546 -4.0375
132.4546 -4.0375
131.7017 -3.0834
130.486 -2.6809
128.81 -2.4908
127.9378 -2.5756
127.9378 -2.5756
127.4593 -2.513
127.4593 -2.513
129.3958 -1.3746
129.9195 -1.0224
129.9195 -1.0224
132.126 -0.8148
134.839 -0.7188
136.8671 -0.9778
136.8671 -0.9778
136.9717 -1.0182
137.5718 -1.1897
138.3148 -1.4469
139.0006 -1.6755
139.8293 -1.9612
140.9438 -2.247
141.9404 -2.7323
142.9619 -3.1181
144.2103 -3.5494
145.2771 -4.2758
146.6017 -5.3903
147.9328 -6.2278
148.6138 -6.7953
149.545 -7.3335
149.9994 -7.6195
149.9994 -7.6195
150.173 -7.629
150.555 -7.687
150.917 -7.7572
151.307 -7.8522
151.5586 -7.9218
151.5586 -7.9218
151.5804 -9.8691
151.5804 -9.8691
151.8047 -9.8956
151.9171 -9.9351
151.9912 -9.9572
152.2537 -9.9591
152.2416 -10.0514
152.6917 -10.0691
152.8826 -10.1076
152.8907 -10.393
153.2819 -10.3865
153.4932 -10.359
154.1915 -10.313
154.2182 -9.909
154.8429 -9.7237
154.8451 -9.8321
155.0745 -9.7959
155.1974 -9.7162
155.1602 -9.6189
155.4686 -9.4833
155.4876 -9.5533
155.614 -9.501
155.6507 -9.5606
155.843 -9.492
155.9003 -9.5613
156.0905 -9.5176
156.0805 -9.2592
156.2832 -9.2152
156.4425 -9.1644
156.5241 -8.4703
156.5241 -8.4703
156.585 -8.5272
158.387 -9.3658
159.92 -9.9802
161.15 -10.7989
162.384 -11.0675
163.7203 -11.1097
165.0095 -10.7
165.0095 -10.7
165.134 -11.1531
165.889 -13.684
166.653 -16.2805
167.594 -18.3399
168.556 -20.2436
169.536 -21.3832
170.274 -21.6829
170.556 -21.94
170.556 -21.94
171.028 -21.8559
175.95 -19.9344
179.516 -17.8233
180.0 -17.5541
nan nan
-180.0 -37.4573
-180.0 -17.5541
-178.7388 -16.8434
-178.7388 -16.8434
-179.428 -14.4075
-179.8711 -11.1779
-179.8711 -11.1779
-178.876 -11.4636
-177.827 -12.2204
-176.521 -13.1999
-175.747 -13.5624
-175.24 -13.8512
-175.24 -13.8512
-175.3591 -14.1531
-175.4016 -14.3121
-175.4918 -14.8401
-175.4913 -15.4038
-175.5793 -15.7891
-175.3723 -15.8111
-175.4895 -16.0459
-175.3307 -16.1346
-175.4088 -16.7091
-175.4088 -16.7091
-176.9749 -16.5976
-176.9749 -16.5976
-176.5912 -17.8075
-176.7503 -19.1519
-176.4758 -19.3909
-176.7995 -20.426
-176.6506 -20.4676
-176.7381 -20.5924
-177.2388 -22.2801
-177.3787 -22.6795
-177.6689 -24.7748
-178.5846 -27.2939
-178.7161 -27.6136
-178.7161 -27.6136
-177.289 -27.728
-176.4217 -27.8216
-176.4217 -27.8216
-176.512 -28.2379
-179.093 -35.7811
-180.0 -37.4573
nan nan
